1 1 12 2 30
1 1 13 4 30
1 1 15 10 30
1 1 16 4 30
1 1 17 5 30
1 1 19 6 30
1 1 20 1 30
1 1 22 3 30
1 1 23 5 30
1 1 24 1 30
1 2 18 2 30
1 2 19 4 30
1 2 21 10 30
1 2 16 4 30
1 2 25 5 30
1 2 26 6 30
1 2 27 1 30
1 2 28 3 30
1 2 29 5 30
1 2 30 1 30
1 5 12 2 30
1 5 13 4 30
1 5 15 10 30
1 5 16 4 30
1 5 17 5 30
1 5 19 6 30
1 5 20 1 30
1 5 22 3 30
1 5 23 5 30
1 5 24 1 30
1 6 18 2 30
1 6 19 4 30
1 6 21 10 30
1 6 16 4 30
1 6 25 5 30
1 6 26 6 30
1 6 27 1 30
1 6 28 3 30
1 6 29 5 30
1 6 30 1 30
2 1 12 2 30
2 1 13 4 30
2 1 15 10 30
2 1 16 4 30
2 1 17 5 30
2 1 19 6 30
2 1 20 1 30
2 1 22 3 30
2 1 23 5 30
2 1 24 1 30
2 2 18 2 30
2 2 19 4 30
2 2 21 10 30
2 2 16 4 30
2 2 25 5 30
2 2 26 6 30
2 2 27 1 30
2 2 28 3 30
2 2 29 5 30
2 2 30 1 30
2 5 12 2 30
2 5 13 4 30
2 5 15 10 30
2 5 16 4 30
2 5 17 5 30
2 5 19 6 30
2 5 20 1 30
2 5 22 3 30
2 5 23 5 30
2 5 24 1 30
2 6 18 2 30
2 6 19 4 30
2 6 21 10 30
2 6 16 4 30
2 6 25 5 30
2 6 26 6 30
2 6 27 1 30
2 6 28 3 30
2 6 29 5 30
2 6 30 1 30
5 1 12 2 30
5 1 13 4 30
5 1 15 10 30
5 1 16 4 30
5 1 17 5 30
5 1 19 6 30
5 1 20 1 30
5 1 22 3 30
5 1 23 5 30
5 1 24 1 30
5 2 18 2 30
5 2 19 4 30
5 2 21 10 30
5 2 16 4 30
5 2 25 5 30
5 2 26 6 30
5 2 27 1 30
5 2 28 3 30
5 2 29 5 30
5 2 30 1 30
5 5 12 2 30
5 5 13 4 60
5 5 15 10 30
5 5 16 4 30
5 5 17 5 30
5 5 19 6 30
5 5 20 1 30
5 5 22 3 30
5 5 23 5 30
5 5 24 1 30
5 6 18 2 30
5 6 19 4 30
5 6 21 10 30
5 6 16 4 30
5 6 25 5 30
5 6 26 6 30
5 6 27 1 30
5 6 28 3 30
5 6 29 5 30
5 6 30 1 30