1 1 10 125
1 1 12 135
1 1 15 160
1 1 20 225
1 1 30 525
1 3 10 25
1 3 12 135
1 3 15 16
1 3 20 255
1 3 30 555
1 4 10 125
1 4 12 135
1 4 15 160
1 4 20 225
1 4 30 525
1 4 10 25
1 5 12 135
1 5 15 16
1 5 20 255
1 5 30 555
3 1 10 125
3 1 12 135
3 1 15 160
3 1 20 225
3 1 30 525
3 3 10 275
3 3 12 1355
3 3 15 166
3 3 20 255
3 3 30 55
3 4 10 125
3 4 12 12
3 4 15 160
3 4 20 220
3 4 30 55
3 4 10 25
3 5 12 135
3 5 15 16
3 5 20 25
3 5 30 555
6 1 10 125
6 1 12 135
6 1 15 160
6 1 20 225
6 1 30 525
6 3 10 275
6 3 12 1355
6 3 15 166
6 3 20 255
6 3 30 55
6 4 10 1256
6 4 12 12
6 4 15 160
6 4 20 220
6 4 30 55
6 4 10 255
6 5 12 135
6 5 15 16
6 5 20 250
6 5 30 555
8 1 10 125
8 1 12 135
8 1 15 160
8 1 20 225
8 1 30 525
8 3 10 275
8 3 12 1355
8 3 15 166
8 3 20 255
8 3 30 55
8 4 10 125
8 4 12 12
8 4 15 160
8 4 20 220
8 4 30 55
8 4 10 25
8 5 12 135
8 5 15 16
8 5 20 25
8 5 30 55
10 1 10 125
10 1 12 135
10 1 15 160
10 1 20 225
10 1 30 525
10 3 10 275
10 3 12 155
10 3 15 166
10 3 20 255
10 3 30 55
10 4 10 1250
10 4 12 120
10 4 15 160
10 4 20 220
10 4 30 55
10 4 10 254
10 5 12 135
10 5 15 16
10 5 20 25
10 5 30 55