1998 1 1 123 152
1998 1 1 124 160
1998 1 1 125 15
1998 1 1 126 12
1998 1 1 127 155
1998 1 1 128 158
1998 1 1 129 156
1998 1 1 130 151
1998 1 2 123 152
1998 1 2 124 160
1998 1 2 125 15
1998 1 2 126 12
1998 1 2 127 155
1998 1 2 128 158
1998 1 2 129 156
1998 1 2 130 151
1998 1 6 123 152
1998 1 6 124 160
1998 1 6 125 15
1998 1 6 126 12
1998 1 6 127 155
1998 1 6 128 158
1998 1 6 129 156
1998 1 6 130 151
1998 1 6 123 152
1998 1 6 124 160
1998 1 6 125 15
1998 1 6 126 12
1998 1 6 127 155
1998 1 6 128 158
1998 1 6 129 156
1998 1 6 130 151
1998 2 1 123 152
1998 2 1 124 160
1998 2 1 125 15
1998 2 1 126 12
1998 2 1 127 155
1998 2 1 128 158
1998 2 1 129 156
1998 2 1 130 151
1998 2 2 123 152
1998 2 2 124 160
1998 2 2 125 15
1998 2 2 126 12
1998 3 2 127 155
1998 3 2 128 158
1998 3 2 129 156
1998 3 2 130 151
1998 3 6 123 152
1998 3 6 124 160
1998 3 6 125 15
1998 3 6 126 12
1998 3 6 127 155
1998 3 6 128 158
1998 3 6 129 156
1998 3 6 130 151
1998 3 6 123 152
1998 3 6 124 160
1998 3 6 125 15
1998 3 6 126 12
1998 3 6 127 155
1998 3 6 128 158
1998 3 6 129 156
1998 3 6 130 151
2000 1 1 123 152
2000 1 1 124 160
2000 1 1 125 15
2000 1 1 126 12
2000 1 1 127 155
2000 1 1 128 158
2000 1 1 129 156
2000 1 1 130 151
2000 1 2 123 152
2000 1 2 124 160
2000 1 2 125 15
2000 1 2 126 12
2000 1 2 127 155
2000 1 2 128 158
2000 1 2 129 156
2000 1 2 130 151
2000 1 6 123 152
2000 1 6 124 160
2000 1 6 125 15
2000 1 6 126 12
2000 1 6 127 155
2000 1 6 128 158
2000 1 6 129 156
2000 1 6 130 151
2000 1 6 123 152
2000 1 6 124 160
2000 1 6 125 15
2000 1 6 126 12
2000 1 6 127 155
2000 1 6 128 158
2000 1 6 129 156
2000 1 6 130 151
2000 2 1 123 152
2000 2 1 124 160
2000 2 1 125 15
2000 2 1 126 12
2000 2 1 127 155
2000 2 1 128 158
2000 2 1 129 156
2000 2 1 130 151
2000 2 2 123 152
2000 2 2 124 160
2000 2 2 125 15
2000 2 2 126 12
2000 3 2 127 155
2000 3 2 128 158
2000 3 2 129 156
2000 3 2 130 151
2000 3 6 123 152
2000 3 6 124 160
2000 3 6 125 15
2000 3 6 126 12
2000 3 6 127 155
2000 3 6 128 158
2000 3 6 129 156
2000 3 6 130 151
2000 3 6 123 152
2000 3 6 124 160
2000 3 6 125 15
2000 3 6 126 12
2000 3 6 127 155
2000 3 6 128 158
2000 3 6 129 156
2000 3 6 130 151